2: cyclohexane/decane/toluene: p = 6.0 MPa (9.8/78/12.2)

      Temperature  Pressure     Density      Int. Energy  Enthalpy     Entropy      
      (K)          (MPa)        (kg/m)       (kJ/kg)      (kJ/kg)      (kJ/kg-K)
                                                                       
1     300.00       6.0000       741.76       -232.08      -223.99      -0.66570     
2     310.00       6.0000       734.07       -211.18      -203.00      -0.59688     
3     320.00       6.0000       726.36       -189.85      -181.59      -0.52891     
4     330.00       6.0000       718.60       -168.11      -159.76      -0.46174     
5     340.00       6.0000       710.81       -145.96      -137.51      -0.39532     
6     350.00       6.0000       702.96       -123.38      -114.85      -0.32962     
7     360.00       6.0000       695.05       -100.40      -91.765      -0.26460     
8     370.00       6.0000       687.08       -76.997      -68.265      -0.20021     
9     380.00       6.0000       679.04       -53.185      -44.349      -0.13643     
10    390.00       6.0000       670.92       -28.960      -20.017      -0.073235    
11    400.00       6.0000       662.71       -4.3248      4.7289       -0.010586    
12    410.00       6.0000       654.40       20.720       29.889       0.051539     
13    420.00       6.0000       645.98       46.174       55.462       0.11316      
14    430.00       6.0000       637.44       72.034       81.447       0.17430      
15    440.00       6.0000       628.76       98.300       107.84       0.23499      
16    450.00       6.0000       619.93       124.97       134.65       0.29523      
17    460.00       6.0000       610.94       152.05       161.87       0.35505      
18    470.00       6.0000       601.76       179.52       189.49       0.41446      
19    480.00       6.0000       592.37       207.40       217.53       0.47349      
20    490.00       6.0000       582.76       235.69       245.98       0.53215      
21    500.00       6.0000       572.89       264.37       274.84       0.59045      
22    510.00       6.0000       562.74       293.46       304.12       0.64843      
23    520.00       6.0000       552.27       322.95       333.82       0.70609      
24    530.00       6.0000       541.44       352.85       363.93       0.76346      
25    540.00       6.0000       530.21       383.16       394.48       0.82056      
26    550.00       6.0000       518.52       413.89       425.46       0.87740      
27    560.00       6.0000       506.33       445.04       456.89       0.93403      
28    570.00       6.0000       493.57       476.61       488.77       0.99045      
29    580.00       6.0000       480.18       508.61       521.11       1.0467       
30    590.00       6.0000       466.08       541.06       553.93       1.1028       
31    600.00       6.0000       451.20       573.95       587.25       1.1588       
32    610.00       6.0000       435.45       607.31       621.09       1.2147       
33    620.00       6.0000       418.75       641.14       655.47       1.2706       
34    630.00       6.0000       401.02       675.47       690.43       1.3266       
35    640.00       6.0000       382.17       710.32       726.02       1.3826       
36    650.00       6.0000       362.18       745.70       762.26       1.4388       
37    660.00       6.0000       341.08       781.63       799.22       1.4952       
38    670.00       6.0000       318.99       818.12       836.92       1.5519       
39    680.00       6.0000       296.17       855.14       875.40       1.6089       
40    690.00       6.0000       273.45       892.50       914.44       1.6659       
41    700.00       6.0000       252.19       929.80       953.59       1.7223       
42    710.00       6.0000       233.38       966.72       992.43       1.7774       
43    720.00       6.0000       217.21       1003.1       1030.8       1.8310       
44    730.00       6.0000       203.46       1039.1       1068.5       1.8831       
45    740.00       6.0000       191.74       1074.6       1105.8       1.9338       
46    750.00       6.0000       181.68       1109.7       1142.7       1.9834       
47    760.00       6.0000       172.98       1144.6       1179.3       2.0318       
48    770.00       6.0000       165.38       1179.4       1215.7       2.0793       
49    780.00       6.0000       158.67       1214.0       1251.8       2.1259       
50    790.00       6.0000       152.70       1248.5       1287.8       2.1718       
51    800.00       6.0000       147.35       1283.0       1323.7       2.2170       

      Cv           Cp           Comp. Factor
      (kJ/kg-K)    (kJ/kg-K)    
                                
1     1.6689       2.0779       0.40686
2     1.7114       2.1201       0.39785
3     1.7535       2.1621       0.38952
4     1.7951       2.2039       0.38179
5     1.8364       2.2457       0.37462
6     1.8775       2.2875       0.36798
7     1.9183       2.3292       0.36183
8     1.9588       2.3708       0.35613
9     1.9991       2.4124       0.35087
10    2.0390       2.4539       0.34601
11    2.0787       2.4953       0.34154
12    2.1180       2.5367       0.33744
13    2.1569       2.5779       0.33370
14    2.1955       2.6191       0.33031
15    2.2337       2.6602       0.32726
16    2.2716       2.7012       0.32454
17    2.3090       2.7422       0.32216
18    2.3459       2.7832       0.32011
19    2.3825       2.8243       0.31841
20    2.4186       2.8655       0.31706
21    2.4544       2.9069       0.31607
22    2.4897       2.9486       0.31546
23    2.5247       2.9906       0.31526
24    2.5592       3.0331       0.31550
25    2.5935       3.0763       0.31622
26    2.6274       3.1202       0.31747
27    2.6610       3.1650       0.31930
28    2.6944       3.2109       0.32181
29    2.7275       3.2581       0.32508
30    2.7605       3.3068       0.32924
31    2.7934       3.3573       0.33443
32    2.8261       3.4103       0.34084
33    2.8587       3.4665       0.34872
34    2.8911       3.5266       0.35836
35    2.9232       3.5910       0.37016
36    2.9549       3.6594       0.38459
37    2.9858       3.7322       0.40218
38    3.0155       3.8098       0.42361
39    3.0432       3.8818       0.44955
40    3.0684       3.9182       0.47985
41    3.0910       3.9048       0.51285
42    3.1113       3.8598       0.54640
43    3.1302       3.8053       0.57891
44    3.1482       3.7533       0.60958
45    3.1658       3.7088       0.63809
46    3.1832       3.6725       0.66443
47    3.2004       3.6441       0.68867
48    3.2177       3.6225       0.71099
49    3.2349       3.6065       0.73154
50    3.2520       3.5953       0.75050
51    3.2692       3.5880       0.76802


